#1
double tab1(14,6)
# t[s] P_HUB[W] P_MSE[W] P_Surge[W] P_Bookstore[W] P_Physics[W]
0.000  239398.282  352145.161  82602.151  27037.004  197256.720
1339200.000  239398.282  352145.161  82602.151  27037.004  197256.720
3888000.000  261563.883  354625.000  90248.512  27670.499  178296.131
6436800.000  191621.802  337467.742  84146.505  24864.038  181625.000
9072000.000  255622.222  349506.944  91530.556  26959.459  203997.222
11707200.000  245529.570  365099.462  104288.978  27980.511  202837.366
14342400.000  226478.080  389831.944  130141.667  24628.189  196348.611
16977600.000  208514.493  363705.645  147147.849  25110.544  187065.860
19656000.000  299732.527  370038.978  166981.183  26169.463  193022.849
22291200.000  226584.722  381744.444  146636.111  25785.847  204122.222
24926400.000  237264.785  372471.774  124677.419  23791.823  217842.742
27561600.000  182966.667  354711.111  111331.944  23650.918  221700.000
30196800.000  123233.974  331149.194  102133.065  22717.014  228603.495
31536000.000  123233.974  331149.194  102133.065  22717.014  228603.495
